Random waveform, random seed
Total number of intervals = 120 (8794, 40063, 46840, 31371, 23169, 33123, 74093, 43746, 109504, 55683, 74168, 50019, 7093, 8709, 77678, 39158, 72064, 68204, 89201, 71080, 26386, 23025, 26336, 33536, 83654, 88285, 11070, 82737, 106734, 24635, 109672, 54427, 67566, 86347, 91773, 40716, 104275, 56083, 83595, 39137, 30782, 96113, 14665, 8153, 92867, 61763, 91275, 84624, 12890, 104685, 25802, 77930, 70019, 37571, 56571, 92477, 15059, 25506, 50922, 70175, 29286, 50147, 64756, 95414, 26577, 87793, 41309, 94067, 73425, 63130, 66354, 83690, 60643, 59558, 105037, 50454, 71944, 59429, 33193, 88062, 46874, 66794, 18645, 24428, 83450, 23341, 90106, 62399, 79400, 97184, 54232, 39714, 67459, 67304, 90627, 98099, 107108, 9823, 20059, 60275, 75431, 67923, 91363, 87246, 85280, 7187, 16998, 65430, 85379, 106654, 30909, 24090, 87501, 75423, 43571, 108470, 107055, 55599, 32411, 70582)
Average QPS expected = 60164
Timestamp start: 1778954570704
Timestamp end: 1778956371021

#type       avg     std     min      p5     p10     p50     p67     p75     p80     p85     p90     p95     p99    p999   p9999      QPS   target
read      331.4   341.9   137.8   203.8   219.7   301.9   337.0   357.3   371.8   391.3   416.8   461.7   734.0  7174.0 10978.3   8771.7     8794
read      379.7   343.7   127.6   188.3   205.9   331.9   393.0   429.3   459.0   495.6   544.9   635.7  1196.9  5642.6  9527.5  40040.9    40063
read      318.8   104.1   127.6   185.4   200.5   306.6   356.7   383.4   401.9   425.0   454.5   498.4   587.9   741.9  2002.9  46784.0    46840
read      320.9    97.1   127.6   191.8   208.7   314.4   356.7   379.2   395.6   414.6   437.0   475.4   549.2   704.8  2349.3  31268.5    31371
read      364.5   251.8   127.6   192.7   211.5   336.1   394.9   427.6   452.0   480.1   513.8   573.1   816.4  3481.0 10369.9  23145.9    23169
read      397.4   299.0   127.6   188.4   207.9   355.4   431.9   473.8   502.2   535.4   580.1   652.4  1198.0  4633.1  7831.6  33191.3    33123
read      360.5   435.5   127.6   181.0   195.3   294.3   347.9   379.6   403.0   433.9   479.4   561.4  2423.0  6425.8  9513.7  73906.0    74093
read      316.5   107.5   127.6   184.5   199.4   306.0   354.1   379.6   397.7   419.5   446.8   489.6   576.3   770.1  2784.9  43792.5    43746
read      420.0   381.3   127.6   196.1   214.6   317.2   372.2   412.5   451.8   518.6   670.9  1089.8  2142.9  3473.4  7878.7 109444.1   109504
read      314.8   116.9   127.6   181.2   195.4   298.2   350.8   379.2   399.5   424.1   455.9   502.8   608.1   831.3  3404.4  55784.7    55683
read      315.7   118.7   127.6   180.7   194.7   292.6   346.4   377.2   400.0   428.3   466.1   527.6   667.5   989.0  2397.3  74108.2    74168
read      310.9   103.3   127.6   181.8   196.1   298.3   347.8   374.0   393.3   415.3   442.7   486.5   571.9   727.1  2324.6  49958.9    50019
read      290.9   114.8   137.8   197.1   209.9   279.0   310.6   328.4   341.3   357.5   377.3   410.6   504.1  1204.7  3868.5   7115.7     7093
read      306.6   138.7   137.8   197.9   212.1   293.0   328.6   347.7   363.2   380.3   402.1   438.6   552.5  1803.1  4921.4   8728.7     8709
read      408.4   591.3   127.6   184.8   199.9   299.4   354.0   387.7   414.1   450.0   504.3   649.2  3490.9  7633.1  9979.9  77626.9    77678
read      316.8   102.5   127.6   187.4   202.6   307.8   353.9   378.0   395.3   415.6   440.4   482.1   563.5   745.8  2709.1  39081.5    39158
read      315.3   123.4   127.6   180.8   194.7   291.9   345.3   375.6   398.4   426.6   464.5   526.1   669.4  1080.1  2732.0  72028.4    72064
read      314.0   124.5   127.6   180.4   194.2   291.8   345.3   375.3   397.7   424.9   461.3   517.9   651.1  1026.7  3334.4  68235.5    68204
read      334.8   163.4   127.6   184.0   198.9   298.8   354.5   388.4   415.3   452.0   505.6   603.8   893.6  1643.4  3581.7  89223.5    89201
read      313.3   126.0   127.6   180.3   194.2   290.5   343.8   373.8   396.3   423.7   460.8   518.5   652.5  1054.0  3199.2  71051.3    71080
read      320.3    96.4   127.6   195.5   213.3   314.6   353.8   374.2   390.1   406.7   429.8   465.3   538.7   711.0  3004.8  26398.9    26386
read      355.7   245.2   127.6   189.7   207.4   329.6   385.4   415.3   436.0   462.6   495.4   546.5   833.3  3351.2  9392.8  23052.7    23025
read      358.9   197.8   137.8   187.8   205.2   335.5   398.2   430.9   454.7   481.4   512.7   567.9   779.3  2931.2  6235.8  26432.4    26336
read      378.9   258.0   127.6   186.1   203.9   342.5   414.9   454.5   481.7   510.9   549.9   623.4  1078.3  3375.9  8007.9  33517.3    33536
read      381.1   444.7   127.6   184.9   199.9   301.6   358.6   393.4   421.9   460.6   518.6   639.6  2598.3  6108.3  8984.4  83712.4    83654
read      336.2   169.2   127.6   185.2   200.2   300.4   356.6   390.6   417.7   454.4   506.2   602.1   870.9  1714.7  4193.2  88258.0    88285
read      313.3   114.4   137.8   196.4   212.5   301.2   338.8   359.8   374.0   393.3   417.6   457.8   577.2  1450.5  3840.8  11061.3    11070
read      448.4   616.6   127.6   188.0   203.7   309.3   369.9   409.4   443.5   492.8   579.9  1104.8  3573.0  7419.7  9665.3  82708.5    82737
read      409.5   364.4   127.6   194.3   212.2   314.1   368.7   406.8   444.5   508.3   646.5  1017.6  2001.5  3445.9  7881.4 106688.9   106734
read      328.5   113.2   137.8   199.2   218.4   321.5   361.1   382.7   397.9   416.5   438.5   476.1   554.7  1031.0  3854.0  24656.3    24635
read      426.4   410.1   127.6   196.8   215.6   318.2   372.2   411.4   449.9   515.6   668.9  1118.2  2342.7  3758.6  7941.7 109595.6   109672
read      314.5   112.5   127.6   181.3   195.7   298.0   350.5   378.9   399.1   423.6   455.3   502.1   605.9   849.4  2739.9  54446.1    54427
read      310.7   115.5   127.6   179.5   193.2   289.7   342.9   372.6   394.8   421.3   456.5   508.7   632.2   900.1  2525.0  67622.1    67566
read      328.3   152.9   127.6   182.6   197.1   295.7   351.0   384.2   409.5   443.8   494.8   583.3   806.3  1428.5  3895.6  86336.7    86347
read      341.3   176.9   127.6   184.9   200.0   300.8   356.9   391.7   420.4   460.6   522.0   634.4   961.8  1760.5  4175.0  91798.0    91773
read      314.9   105.0   127.6   185.8   200.8   305.7   351.8   376.0   393.9   414.3   439.1   480.2   557.9   722.6  2767.2  40728.7    40716
read      382.6   275.8   127.6   190.6   207.4   310.2   367.5   407.1   444.9   505.3   616.2   841.8  1518.8  2809.5  7095.1 104219.0   104275
read      312.6   123.4   127.6   180.1   194.2   295.5   347.7   376.1   396.7   421.1   452.9   500.4   601.6   843.1  4118.0  56098.4    56083
read      322.2   142.7   127.6   181.5   195.9   293.7   347.8   379.7   403.5   435.0   480.7   554.6   737.4  1262.5  3497.3  83563.5    83595
read      316.0   105.3   127.6   186.6   201.7   307.4   352.3   376.0   393.7   413.8   438.5   479.0   560.0   745.1  2963.6  39086.5    39137
read      320.1    97.7   127.6   191.9   208.9   313.7   355.2   377.2   393.6   412.1   434.7   471.9   546.5   711.0  2114.1  30768.4    30782
read      346.1   183.0   127.6   187.7   203.3   304.9   360.8   395.8   425.2   466.1   529.7   641.9   972.1  1874.6  4325.4  96129.3    96113
read      321.7   117.0   137.8   193.9   211.3   310.1   351.0   373.7   390.8   409.4   433.9   474.9   590.4  1496.8  2992.2  14678.1    14665
read      294.2   120.0   137.8   197.7   211.1   282.3   313.6   331.3   343.6   360.0   380.0   413.9   507.5  1383.6  3994.8   8181.9     8153
read      385.9   427.7   127.6   187.3   203.1   306.6   363.4   399.4   430.5   474.7   545.5   689.6  2382.1  5781.4  8754.9  92737.0    92867
read      314.9   122.5   127.6   180.5   194.6   294.4   348.2   378.5   400.4   427.0   461.9   512.8   630.8   975.3  3131.0  61736.9    61763
read      338.0   173.2   127.6   183.9   198.9   298.2   354.6   389.5   417.9   457.2   514.7   623.0   940.2  1783.7  3670.2  91145.9    91275
read      324.6   142.1   127.6   182.2   196.7   294.9   349.5   381.9   406.2   438.7   486.0   565.5   759.6  1333.7  3582.1  84511.9    84624
read      319.0   107.5   137.8   196.0   213.0   308.3   347.5   369.5   385.6   403.0   428.5   468.1   580.5  1348.2  2898.1  12854.1    12890
read      529.8   717.7   127.6   205.1   225.4   341.4   402.7   449.9   494.9   573.3   780.6  1635.1  3755.0  7784.6 10816.1 104727.7   104685
read      322.3   100.8   127.6   195.6   213.8   316.2   355.6   376.5   392.5   410.1   433.0   469.2   545.3   758.1  2641.8  25851.5    25802
read      315.8   127.7   127.6   180.2   194.2   291.0   344.3   374.8   398.1   427.1   467.1   532.7   682.9  1167.8  2966.9  77893.9    77930
read      313.2   121.3   127.6   179.8   193.6   291.2   344.4   374.3   397.1   424.7   461.8   520.0   651.1   925.2  2512.4  69895.4    70019
read      319.0   106.9   127.6   187.9   203.4   310.6   356.6   380.9   398.1   418.8   444.1   483.6   559.7   737.8  2904.1  37598.6    37571
read      311.8   115.0   127.6   180.4   194.4   294.5   346.9   375.6   396.5   421.1   452.8   499.7   599.4   826.5  2803.3  56544.8    56571
read      340.5   174.9   127.6   184.7   199.9   300.9   357.3   392.4   421.2   460.6   520.2   628.3   946.5  1712.0  3929.4  92371.2    92477
read      324.8   130.1   137.8   194.0   211.6   312.4   354.6   377.5   394.4   414.0   438.5   480.7   606.6  1589.7  3920.3  15014.6    15059
read      358.4   191.3   127.6   187.1   204.5   335.4   397.5   430.0   453.6   480.1   510.8   566.9   798.9  2753.3  5200.6  25535.3    25506
read      342.6   255.1   127.6   181.8   197.2   309.2   365.4   396.6   420.2   449.4   490.3   565.0   864.0  3290.4  9900.0  50863.2    50922
read      311.2   130.7   127.6   177.9   191.4   289.0   341.9   371.1   393.2   420.0   456.9   515.4   659.5  1104.5  3321.4  70041.9    70175
read      315.1    94.1   127.6   190.5   207.4   309.4   348.5   369.8   385.4   402.4   426.5   462.9   537.9   704.5  2802.8  29233.3    29286
read      316.1   119.8   127.6   181.1   195.9   301.3   352.8   380.5   399.9   423.6   454.1   499.9   602.3   916.2  3402.6  50241.9    50147
read      313.3   127.0   127.6   178.9   192.8   292.5   346.1   376.0   398.0   424.5   459.5   511.7   635.9  1019.6  3661.4  64779.2    64756
read      346.4   187.5   127.6   185.5   201.0   302.5   359.4   395.1   425.2   467.0   532.9   652.2  1024.5  1951.6  4012.8  95475.8    95414
read      321.5    98.2   127.6   195.5   213.5   315.0   354.8   375.7   391.7   409.2   432.6   469.3   547.4   730.4  3036.6  26590.6    26577
read      328.9   160.2   127.6   181.1   195.7   295.6   350.5   383.2   408.2   442.4   492.6   583.1   856.0  1662.7  3809.7  87630.6    87793
read      311.1   104.6   127.6   182.5   197.5   303.2   348.1   371.5   388.6   407.2   432.5   470.7   549.6   741.4  2529.0  41291.7    41309
read      339.1   171.1   127.6   184.9   200.3   301.2   356.9   391.2   419.1   457.6   513.0   618.5   929.4  1777.1  3920.5  94019.9    94067
read      311.4   127.8   127.6   178.8   192.5   288.5   341.8   371.6   394.3   421.4   457.7   513.9   649.7  1078.6  3412.0  73369.1    73425
read      310.9   116.8   127.6   179.7   193.4   292.2   345.1   373.9   395.0   419.9   452.5   502.7   622.3   883.6  2395.6  63137.0    63130
read      313.4   127.7   127.6   180.0   193.7   292.0   345.6   375.5   397.4   423.6   458.5   511.6   642.0  1012.9  3360.2  66443.9    66354
read      322.5   147.0   127.6   181.8   196.1   293.3   347.3   379.3   402.7   433.5   477.1   549.5   752.3  1495.7  3463.8  83583.0    83690
read      311.5   112.5   127.6   180.6   194.5   293.0   346.4   375.4   396.4   421.2   453.3   501.4   609.3   852.0  2584.5  60604.7    60643
read      309.2   123.6   127.6   179.3   192.9   291.8   343.5   371.1   391.3   414.8   445.8   495.5   606.9   870.5  3425.0  59596.2    59558
read      384.4   288.7   127.6   191.3   208.2   310.7   367.8   406.7   443.8   501.5   605.5   836.5  1618.8  2943.6  7396.0 104896.2   105037
read      312.7   106.1   127.6   182.1   196.6   299.2   350.0   377.1   396.5   419.1   447.4   490.5   576.2   746.6  2719.8  50497.5    50454
read      311.3   120.0   127.6   180.1   193.9   289.5   342.5   372.2   394.5   421.1   456.3   509.2   636.9   999.1  2702.0  71834.2    71944
read      311.9   112.1   127.6   180.4   194.3   294.1   347.0   376.1   397.2   422.0   454.0   501.6   609.7   822.4  2263.0  59399.7    59429
read      317.1    96.3   127.6   190.1   206.1   310.8   353.1   375.3   391.9   410.1   433.2   469.8   543.3   701.5  2631.4  33148.3    33193
read      325.1   153.6   127.6   182.2   196.6   294.1   348.1   380.1   404.2   436.7   486.2   571.3   783.3  1405.5  4002.8  87893.1    88062
read      307.0   104.0   127.6   180.3   194.4   296.7   343.5   368.0   385.5   404.5   431.5   471.9   558.7   737.0  2731.2  46907.3    46874
read      311.7   121.1   127.6   179.5   193.3   291.0   343.6   372.7   394.4   420.6   455.5   508.2   637.8  1061.3  3194.7  66813.5    66794
read      351.1   243.9   127.6   193.0   211.3   323.3   373.5   401.0   421.5   445.4   476.7   528.8   848.2  3821.0  7630.3  18672.9    18645
read      430.5   538.6   127.6   192.1   211.3   347.7   414.7   451.3   477.3   506.5   548.2   660.8  2785.9  7532.3  9747.3  24429.8    24428
read      353.8   382.1   127.6   183.2   197.9   295.6   349.8   382.3   406.5   438.3   485.2   570.5  1601.9  5542.3  9331.9  83383.5    83450
read      331.7   141.4   127.6   202.6   221.1   321.2   361.0   382.6   397.7   416.4   438.8   480.2   589.1  1532.0  7148.4  23389.5    23341
read      412.2   506.6   127.6   188.4   204.2   307.3   365.3   402.7   435.8   485.2   566.6   778.4  3086.2  6564.1  9052.8  90171.5    90106
read      311.5   123.9   127.6   179.7   193.4   291.5   343.6   372.2   393.5   419.0   453.2   506.0   633.6  1062.9  3472.3  62426.5    62399
read      322.8   139.8   127.6   182.8   197.1   294.6   349.2   381.3   404.5   435.4   479.4   550.3   733.3  1342.9  3149.0  79355.8    79400
read      375.2   264.8   127.6   190.2   206.7   309.8   367.8   406.1   441.7   496.1   590.0   778.5  1422.3  2719.1  7348.6  97497.5    97184
read      318.5   117.3   127.6   183.4   197.9   301.6   354.7   383.6   403.7   429.0   461.7   508.5   619.4   845.4  2853.6  54261.9    54232
read      318.8   104.4   127.6   188.7   204.1   309.9   356.2   380.3   397.5   418.1   443.2   483.2   564.6   734.6  2896.3  39600.0    39714
read      316.5   124.6   127.6   182.2   196.3   294.4   348.1   378.6   400.6   427.9   463.7   518.8   645.4  1113.9  2991.1  67461.1    67459
read      318.7   125.9   127.6   182.5   196.7   295.9   350.5   381.6   403.7   431.8   468.7   527.7   662.8  1001.8  3211.5  67347.8    67304
read      340.8   169.8   127.6   186.7   201.9   302.0   358.8   393.7   422.3   461.1   518.1   624.8   929.5  1660.0  3976.7  90604.3    90627
read      361.7   215.5   127.6   189.7   205.7   307.6   365.3   402.5   435.7   485.8   566.7   716.3  1216.8  2241.2  4636.8  97943.9    98099
read      421.1   371.9   127.6   198.5   217.3   320.8   377.3   419.1   459.5   530.2   675.2  1058.4  2108.7  3445.6  7825.5 107237.3   107108
read      314.6   119.7   127.6   199.6   215.7   301.0   338.0   358.8   373.1   392.1   416.2   458.3   593.9  1657.7  3432.7   9863.8     9823
read      360.6   230.4   137.8   193.3   212.5   336.0   392.6   422.7   444.2   469.4   501.3   550.4   803.6  3207.8  7909.8  20077.1    20059
read      471.5   784.6   127.6   186.8   202.4   310.0   367.6   401.9   430.0   467.3   528.3   971.3  4640.4  8287.3 10890.3  60179.0    60275
read      336.7   163.8   127.6   186.1   201.0   304.7   361.9   395.5   421.8   455.6   502.0   586.6   826.0  1708.5  3820.0  75453.1    75431
read      334.5   156.1   127.6   185.7   200.6   305.8   363.2   396.1   421.4   452.9   495.2   568.2   774.8  1663.2  3818.4  68014.3    67923
read      354.8   209.0   127.6   188.6   204.2   307.0   365.0   401.1   432.2   475.1   540.8   666.6  1137.0  2256.5  4778.0  91349.5    91363
read      364.1   258.3   127.6   188.5   204.1   308.9   368.5   406.0   438.0   483.9   552.0   684.9  1276.1  3232.8  7444.6  87226.5    87246
read      356.2   212.4   127.6   189.6   205.3   309.2   367.9   404.1   435.1   478.1   542.3   665.2  1092.9  2286.3  6190.9  85269.8    85280
read      326.5   110.9   137.8   213.7   231.2   313.4   349.1   370.5   386.7   404.2   431.5   474.4   577.5   979.3  3792.4   7185.1     7187
read      354.5   123.0   127.6   202.7   224.5   345.8   392.5   418.0   435.8   459.9   489.4   534.8   653.2   865.0  3787.0  16995.7    16998
read      379.1   414.0   127.6   183.4   197.9   300.3   358.2   392.5   418.9   452.9   501.6   631.1  2438.4  5176.1  8111.7  65240.5    65430
read      329.0   151.4   127.6   184.7   199.3   297.6   352.8   385.4   410.0   442.4   489.6   572.0   796.3  1563.1  3477.4  85460.7    85379
read      415.0   373.7   127.6   196.3   214.5   319.7   377.9   420.1   458.8   520.8   641.3   974.2  2143.4  3592.1  7904.6 106554.2   106654
read      327.1   105.6   127.6   193.0   210.7   318.9   362.6   386.1   402.1   422.9   449.2   491.2   586.6   816.2  3208.3  30866.2    30909
read      323.2   113.8   127.6   199.7   218.5   316.2   353.6   373.7   389.4   405.8   429.5   465.7   544.7   842.0  3725.6  24182.2    24090
read      326.3   132.8   127.6   186.4   201.2   299.5   353.1   384.5   407.6   437.7   481.9   555.4   734.9  1147.0  3026.6  87469.5    87501
read      318.9   136.1   127.6   184.1   198.7   296.2   349.2   379.2   401.0   428.0   463.8   520.9   657.0  1064.1  4469.8  75350.8    75423
read      319.5   108.5   118.1   187.7   203.3   309.1   356.1   381.1   398.7   420.2   447.3   489.8   581.9   797.7  3114.6  43613.1    43571
read      390.9   277.2   127.6   197.4   215.8   319.5   375.7   415.5   451.6   506.2   610.6   843.9  1573.7  2740.5  7128.7 108501.9   108470
read      379.5   239.9   127.6   196.1   214.1   318.1   374.7   414.0   448.8   500.9   591.8   775.4  1379.1  2343.0  4920.9 107113.9   107055
read      317.6   113.1   118.1   182.9   197.8   301.9   354.2   382.1   401.6   426.0   457.6   504.6   620.1   812.1  3093.1  55592.9    55599
read      323.7   103.5   127.6   192.8   210.5   316.7   358.6   381.1   397.3   417.1   441.4   482.0   567.3   737.0  3058.7  32464.5    32411
read      315.1   119.2   127.6   182.2   196.6   294.4   347.1   376.7   398.4   424.9   459.9   512.9   641.1   888.9  3346.3  70545.4    70582

Total QPS = 60150.8 (108271360 / 1800.0s)

Total connections = 64
Misses = 0 (0.0%)
Skipped TXs = 0 (0.0%)

RX 26743026414 bytes :   14.2 MB/s
TX          0 bytes :    0.0 MB/s
Warning! Detected max cpu usage > 95%
CPU Usage Stats (avg/min/max): 100.00%,49.75%,100.00%
