Random waveform, random seed
Total number of intervals = 120 (33741, 63626, 6153, 70102, 76436, 48453, 47762, 84320, 51357, 33195, 10837, 44484, 10082, 57964, 80354, 64602, 34684, 50986, 85344, 39487, 31056, 82936, 105728, 18879, 67647, 76613, 82263, 22970, 56968, 48160, 62998, 66787, 6028, 65483, 28540, 105511, 50585, 65396, 42147, 5798, 90281, 61752, 14765, 14060, 30031, 76840, 22746, 72869, 62281, 79354, 61587, 75385, 37281, 11855, 36983, 50848, 87503, 93239, 16192, 58425, 58215, 96939, 36103, 62946, 32061, 60857, 86906, 36690, 68079, 95402, 32592, 63586, 78866, 57706, 51056, 107026, 93240, 25721, 91205, 58143, 45166, 32836, 68273, 87645, 72959, 99624, 5066, 77539, 6387, 19378, 52897, 72684, 100068, 14122, 30183, 102468, 36493, 108778, 38862, 21347, 68703, 84155, 10585, 12570, 83274, 102564, 78183, 14824, 66467, 95413, 9526, 58648, 35552, 38250, 32747, 43793, 52836, 108469, 89925, 65554)
Average QPS expected = 55657
Timestamp start: 1778958776906
Timestamp end: 1778960577219

#type       avg     std     min      p5     p10     p50     p67     p75     p80     p85     p90     p95     p99    p999   p9999      QPS   target
read      380.1   257.8   127.6   196.3   216.9   343.9   399.6   433.2   459.9   493.5   542.0   634.7  1080.4  3475.7  8053.8  33674.7    33741
read      443.2   728.4   127.6   187.0   202.7   311.8   366.8   399.6   426.3   459.8   507.9   649.1  4358.0  8080.9 11975.6  63575.3    63626
read      293.6   112.0   137.8   200.6   213.1   281.0   311.4   328.7   341.5   357.5   376.9   412.1   515.9  1357.8  3945.6   6169.1     6153
read      458.0   759.1   127.6   188.3   204.4   313.5   368.5   401.9   429.7   465.5   523.3   720.7  4613.6  8362.0 10950.7  70124.0    70102
read      328.9   133.5   127.6   185.6   200.4   303.5   360.4   392.4   416.3   445.8   485.5   552.3   718.6  1181.1  3234.5  76463.0    76436
read      322.2   111.6   127.6   186.0   201.2   309.7   361.4   388.6   407.2   430.3   459.5   502.2   600.4   800.8  3039.8  48441.0    48453
read      323.2   110.4   127.6   187.3   202.5   310.9   362.3   389.4   408.1   431.0   460.2   503.1   607.2   788.7  1972.7  47753.0    47762
read      340.2   159.5   127.6   187.8   203.2   308.0   365.8   399.2   425.8   459.1   505.6   597.9   847.3  1531.6  3747.9  84325.3    84320
read      326.3   115.7   127.6   186.7   201.8   311.4   365.4   394.1   414.8   438.3   468.8   515.9   629.3   844.3  2631.9  51401.3    51357
read      331.2   102.6   127.6   193.7   211.5   324.2   369.4   393.6   410.5   431.0   457.9   497.4   584.7   744.2  2415.3  33278.9    33195
read      330.6   139.7   137.8   202.8   220.7   316.9   357.1   379.3   395.7   415.5   440.6   481.8   619.6  1756.4  4312.9  10839.5    10837
read      342.3   167.6   127.6   190.4   207.2   321.9   374.6   402.8   424.5   449.8   482.8   541.7   761.1  1790.7  6204.8  44542.8    44484
read      329.3   145.6   137.8   205.8   223.4   314.9   354.3   375.7   392.5   411.4   436.1   476.2   608.0  1779.9  6199.4  10062.5    10082
read      419.0   653.8   127.6   187.1   202.7   310.7   365.3   396.8   421.5   452.1   495.2   601.2  4027.7  8018.9 10135.8  57924.9    57964
read      340.5   171.1   127.6   187.6   202.8   307.7   365.5   398.8   425.1   458.4   505.2   597.8   855.6  1675.1  4808.7  80447.1    80354
read      325.3   134.0   127.6   184.3   198.9   302.5   358.6   389.7   412.3   439.8   476.3   537.6   681.9  1201.6  3656.0  64653.9    64602
read      332.6   106.6   127.6   193.3   210.5   323.6   370.7   395.9   414.2   435.2   463.7   505.2   608.8   786.1  2180.9  34615.9    34684
read      326.2   121.2   127.6   186.6   201.5   310.3   363.5   392.0   412.5   436.5   468.5   519.6   639.1   926.0  3006.4  50970.5    50986
read      352.4   190.8   127.6   188.5   204.2   311.7   370.0   404.1   432.9   470.1   530.7   646.3  1035.1  1995.7  5084.9  85301.9    85344
read      318.9   128.0   127.6   189.0   204.3   311.7   355.3   377.6   393.9   412.9   436.9   477.6   575.2   749.7  2586.5  39596.2    39487
read      326.6   101.6   137.8   195.3   213.0   320.9   360.8   382.4   397.9   417.7   442.9   484.1   577.1   759.7  2272.0  31024.8    31056
read      341.5   154.1   127.6   188.6   204.1   310.6   368.0   400.9   427.1   460.3   506.8   600.1   835.2  1525.6  3447.0  82821.8    82936
read      446.6   402.1   127.6   203.9   224.0   338.5   401.9   450.1   495.0   570.9   718.9  1133.0  2267.4  3759.5  7939.1 105895.0   105728
read      347.6   189.7   127.6   193.6   213.1   328.2   375.3   401.7   421.8   444.9   474.4   526.9   734.8  2465.6  7743.3  18902.9    18879
read      437.6   689.6   127.6   188.4   204.1   309.6   366.3   399.9   427.3   462.9   520.8   682.7  4037.2  8048.7 11650.6  67593.3    67647
read      334.2   145.0   127.6   186.7   201.7   306.2   363.3   395.8   420.8   451.7   494.1   573.0   772.4  1406.6  3306.6  76602.1    76613
read      338.1   152.8   127.6   187.7   202.9   307.7   365.3   398.3   424.1   456.3   501.2   586.9   810.9  1485.8  3441.6  82367.7    82263
read      342.8   151.0   137.8   198.5   218.1   327.2   371.7   397.2   416.6   439.0   469.4   519.3   656.6  2025.2  4655.6  22928.0    22970
read      473.3   742.0   127.6   189.1   205.2   311.6   370.6   406.0   434.8   472.8   539.0  1280.0  4247.6  7898.9 11701.9  56968.8    56968
read      331.3   136.5   127.6   187.6   202.8   314.8   368.8   397.6   418.9   443.8   475.9   528.4   651.7  1055.2  4326.2  48160.3    48160
read      327.0   144.8   127.6   184.2   198.8   303.9   360.0   390.7   413.1   440.6   477.3   539.9   688.8  1326.5  4238.9  63027.3    62998
read      324.4   139.5   127.6   184.3   198.8   300.9   357.0   387.8   410.0   437.4   473.8   536.7   682.1  1194.6  3961.8  66795.4    66787
read      292.5   129.7   137.8   199.0   211.6   278.8   308.8   325.3   338.4   353.8   373.5   408.1   523.7  1553.0  5319.1   6049.0     6028
read      442.1   708.9   127.6   188.3   204.0   306.7   363.4   397.4   424.7   459.8   512.2   677.8  4174.0  8071.0 10983.5  65575.5    65483
read      327.8   105.1   127.6   198.0   216.1   321.2   362.4   384.5   399.8   419.4   443.1   479.5   555.1   789.9  3156.9  28551.8    28540
read      450.7   435.7   137.8   202.9   222.6   335.6   398.2   444.4   487.9   559.2   708.2  1180.7  2448.8  4092.4  8039.0 105598.5   105511
read      324.2   127.1   127.6   186.4   201.3   309.4   362.0   389.8   409.2   433.0   463.6   508.8   622.1   879.0  3858.7  50626.0    50585
read      325.7   137.7   127.6   184.8   199.5   303.7   359.3   390.0   412.3   439.4   475.5   536.2   678.0  1070.3  4245.4  65465.7    65396
read      325.3   113.1   127.6   189.4   205.1   315.2   363.4   389.0   406.6   429.0   457.3   499.7   595.1   790.5  3081.1  42238.3    42147
read      290.8   172.6   148.8   196.8   209.2   274.3   303.1   319.0   332.0   345.9   367.8   402.6   526.9  2410.9  7703.1   5785.5     5798
read      470.6   621.4   127.6   197.1   216.8   333.2   398.2   444.1   485.1   546.2   653.7   990.4  3604.8  7592.3  9700.0  90175.1    90281
read      324.5   126.9   127.6   184.9   199.5   304.8   359.7   389.7   411.4   437.3   471.8   529.9   661.9   931.7  3071.6  61854.9    61752
read      337.4   131.1   137.8   198.0   217.6   324.3   368.2   392.4   409.5   430.8   458.8   501.5   641.8  1595.8  4231.3  14692.6    14765
read      341.0   163.0   137.8   197.5   216.9   327.4   371.9   395.9   413.3   433.6   461.0   502.8   647.3  2018.4  6384.1  14084.0    14060
read      400.1   281.0   137.8   191.1   211.3   362.2   433.0   470.9   498.4   531.3   578.7   652.0  1243.8  3764.7  7815.7  30013.7    30031
read      411.7   561.0   127.6   188.7   204.7   312.1   370.5   405.4   434.0   470.8   530.6   667.3  3377.4  7444.5 10010.0  76825.3    76840
read      325.7   103.5   137.8   202.2   220.7   319.4   357.0   376.8   392.4   409.6   432.5   467.9   545.0   780.4  3765.6  22697.9    22746
read      324.2   133.9   127.6   184.9   199.4   301.0   356.4   387.4   409.6   436.9   473.7   537.6   686.5  1097.1  3027.4  72824.7    72869
read      324.1   121.9   127.6   185.5   200.0   304.1   359.6   389.9   411.7   437.9   471.4   526.8   656.4   973.7  3141.9  62271.8    62281
read      337.8   160.4   127.6   186.0   201.1   306.0   363.7   396.9   423.0   456.1   502.7   593.2   839.8  1585.3  4053.9  79409.1    79354
read      325.0   138.0   127.6   184.1   198.6   303.7   359.4   390.0   412.1   438.6   472.9   531.2   668.8  1184.5  4403.9  61625.5    61587
read      329.9   142.9   127.6   185.5   200.2   303.1   359.7   391.6   415.5   445.5   486.7   560.2   742.1  1306.0  3477.7  75212.4    75385
read      328.6   113.0   127.6   191.5   208.2   320.0   367.0   391.9   409.3   430.5   458.1   498.6   590.1   780.6  3188.9  37196.6    37281
read      338.5   206.9   137.8   203.3   221.8   318.7   359.8   382.5   398.8   419.5   445.9   491.0   719.2  2673.2  7997.0  11892.8    11855
read      518.8   701.7   137.8   196.3   220.4   389.1   479.4   532.6   575.9   625.7   691.5   954.5  3888.9  8632.7 11429.7  37007.9    36983
read      351.9   302.9   127.6   185.1   200.1   308.0   361.9   391.2   412.2   437.1   472.0   537.8  1604.0  4148.1  7771.4  50839.8    50848
read      339.1   157.9   127.6   186.9   202.2   306.4   363.9   397.3   423.7   457.4   504.8   596.6   867.1  1564.4  3255.8  87385.8    87503
read      355.8   193.3   127.6   189.0   205.1   311.9   370.9   407.1   436.6   476.9   541.1   664.2  1078.6  1973.3  3901.3  93209.2    93239
read      348.3   156.0   137.8   198.2   218.0   331.6   380.4   406.8   426.5   449.3   478.0   526.3   690.6  2028.2  4041.0  16212.1    16192
read      391.1   580.7   127.6   184.0   199.1   304.0   357.3   387.5   409.1   436.2   472.7   545.9  3444.6  7730.6 10564.4  58423.9    58425
read      319.9   125.6   127.6   183.0   197.4   301.7   356.1   385.6   405.8   431.4   463.9   512.6   633.4   950.5  3441.1  58253.2    58215
read      377.8   256.3   127.6   191.2   208.1   316.7   377.2   417.6   452.2   501.6   587.8   756.9  1378.0  2743.7  7384.1  96903.7    96939
read      319.7   104.5   127.6   189.4   205.4   313.0   356.9   379.8   396.1   415.5   438.9   476.1   553.3   738.8  3184.7  36112.7    36103
read      315.2   117.4   127.6   182.1   196.2   296.9   351.2   380.4   400.8   426.1   458.2   505.4   620.0   833.6  2998.4  62905.8    62946
read      326.4   103.4   127.6   193.3   210.7   320.1   363.6   386.5   401.9   422.5   447.4   484.8   560.8   725.7  3092.2  32010.2    32061
read      318.2   116.9   127.6   183.1   197.5   299.9   354.8   384.4   404.6   430.5   462.9   510.5   627.2   848.0  2163.0  60858.2    60857
read      345.8   175.5   127.6   186.9   202.4   307.5   366.5   401.2   429.6   465.6   520.7   628.0   968.8  1814.9  3556.9  86896.1    86906
read      323.5   103.0   127.6   190.5   206.7   315.9   362.1   386.3   402.7   423.9   449.4   487.0   567.8   721.2  2354.3  36729.9    36690
read      320.7   134.6   127.6   182.8   197.2   298.8   353.7   383.9   405.0   432.3   466.8   523.0   662.2  1249.4  3835.0  68162.4    68079
read      378.5   251.8   127.6   191.5   208.7   319.0   380.7   421.3   455.6   503.6   587.0   748.2  1353.4  2754.4  7017.6  95543.2    95402
read      328.2   104.2   127.6   193.2   210.7   321.5   365.7   389.3   405.0   426.0   451.5   489.8   572.7   778.2  3108.8  32588.3    32592
read      321.4   124.5   127.6   183.5   198.2   301.7   356.7   386.7   407.6   433.9   467.5   520.8   642.8   959.4  3441.3  63665.3    63586
read      332.0   144.9   127.6   184.6   199.7   304.4   361.6   393.8   418.2   448.9   491.4   569.4   766.7  1346.2  3464.6  78757.7    78866
read      322.5   117.1   127.6   184.4   199.4   305.6   359.7   388.7   409.1   434.1   466.5   515.8   633.3   898.8  2709.7  57648.9    57706
read      324.3   118.1   127.6   187.3   202.8   310.0   362.2   390.0   409.5   432.8   462.7   506.0   614.8   862.7  3222.2  51167.4    51056
read      439.3   406.7   127.6   201.5   221.0   330.3   391.0   434.6   476.4   547.8   697.7  1139.3  2311.4  3691.5  7947.9 106984.8   107026
read      358.0   192.9   127.6   190.2   206.7   315.1   374.3   411.1   440.9   481.7   545.2   663.0  1042.9  2044.5  4179.2  93173.9    93240
read      322.3    95.4   127.6   196.8   214.8   317.0   355.9   376.4   392.0   409.1   432.3   466.7   539.2   706.8  2643.9  25746.3    25721
read      346.8   177.1   127.6   188.6   204.4   309.9   368.0   402.3   430.5   466.3   520.1   622.6   930.2  1799.7  4581.9  91036.7    91205
read      317.1   115.4   127.6   182.9   197.3   300.7   354.7   383.2   402.7   427.5   458.3   503.8   614.1   795.5  2612.5  58088.7    58143
read      323.6   116.2   127.6   187.1   202.5   312.8   362.8   389.1   407.1   429.8   458.4   500.4   593.4   782.8  3335.5  45204.9    45166
read      326.6   121.4   127.6   192.9   210.1   318.3   362.2   385.6   401.6   422.5   447.9   486.4   577.8  1014.8  3947.5  32823.0    32836
read      321.6   128.4   127.6   184.8   199.3   300.5   355.2   385.4   406.6   433.1   467.2   523.1   655.5  1087.3  3800.1  68202.3    68273
read      342.6   159.7   127.6   188.8   204.4   309.0   366.5   400.3   427.4   461.8   510.6   610.8   868.7  1517.5  3764.5  87633.5    87645
read      326.5   138.7   127.6   184.9   199.3   301.6   357.6   388.9   411.9   440.4   479.2   545.8   701.7  1286.8  3456.5  72874.2    72959
read      414.4   337.2   127.6   196.9   215.5   326.4   388.7   431.4   469.6   532.9   655.9   968.8  1869.8  3352.9  7679.8  99781.5    99624
read      290.9   214.7   137.8   196.5   208.4   269.0   296.3   312.6   323.8   339.6   361.0   396.9   691.9  2897.2  7960.9   5078.0     5066
read      420.2   594.0   127.6   189.2   205.4   312.9   370.1   404.3   432.7   469.3   528.4   671.1  3584.1  7585.2 10470.7  77398.3    77539
read      293.2   116.6   137.8   199.9   212.9   280.6   310.1   326.9   339.9   355.6   374.6   409.0   518.0  1487.5  3858.9   6350.6     6387
read      389.0   329.5   127.6   196.6   217.4   349.9   406.1   437.2   459.6   485.5   519.6   588.3  1474.4  4882.6  8209.7  19366.2    19378
read      391.0   500.9   127.6   186.9   202.3   311.2   366.7   397.6   421.4   450.8   492.0   590.8  2870.2  7147.6  9413.4  52819.9    52897
read      322.5   133.1   127.6   184.6   199.1   299.5   354.9   385.6   407.3   434.6   470.2   531.6   674.1  1118.0  3325.9  72742.7    72684
read      406.7   318.8   127.6   196.0   214.5   325.6   387.5   429.6   467.0   527.2   636.7   908.6  1786.6  3208.3  7596.4 100092.7   100068
read      345.4   257.8   137.8   200.4   219.5   324.7   368.6   393.0   410.5   432.1   460.9   505.3   669.0  3160.0 10944.2  14135.1    14122
read      370.6   146.1   127.6   186.9   206.8   356.3   419.7   453.5   476.8   504.4   542.2   612.6   753.9  1161.3  3412.4  30221.8    30183
read      711.0  1023.3   127.6   222.8   241.6   334.1   400.6   462.2   541.2   978.4  1984.7  3308.7  4440.5  8008.8 11361.4 102377.4   102468
read      362.8   287.2   127.6   185.9   202.2   321.4   380.9   413.5   437.3   466.9   506.5   591.4  1293.8  3413.9  8025.1  36451.2    36493
read      514.2   588.6   127.6   213.8   236.4   349.1   411.9   461.6   509.9   600.0   820.5  1541.7  3363.2  6453.4  8129.5 108792.1   108778
read      321.4   106.3   118.1   188.4   204.9   313.6   359.4   383.5   400.1   421.1   446.8   486.1   568.8   726.6  2526.2  38861.2    38862
read      316.2    87.7   127.6   199.2   218.1   310.4   345.1   365.2   379.0   396.0   418.2   452.8   524.4   710.2  2462.4  21323.1    21347
read      319.0   120.1   127.6   182.9   197.8   299.6   353.8   383.2   403.5   429.7   462.7   514.7   644.8   907.5  3002.0  68663.7    68703
read      327.2   135.1   127.6   186.1   201.2   302.5   357.7   388.7   411.3   439.4   478.4   546.0   721.1  1138.4  3172.6  84147.9    84155
read      312.4   109.2   137.8   208.5   225.7   303.0   334.7   352.8   366.4   382.5   402.5   436.7   515.3   914.0  4011.5  10531.7    10585
read      313.7    83.8   127.6   208.0   225.8   306.7   338.5   356.8   369.7   386.0   404.5   436.9   509.3   826.5  2222.1  12497.7    12570
read      328.8   132.6   127.6   187.7   203.0   305.2   360.1   391.1   413.9   442.0   479.7   545.1   705.0  1100.3  3355.8  83275.1    83274
read      379.3   229.4   127.6   195.3   213.7   325.2   386.2   425.7   458.8   504.2   582.7   735.8  1310.6  2259.9  5410.6 102589.0   102564
read      323.5   125.8   118.1   183.9   199.1   300.6   355.5   386.0   407.7   435.0   471.0   536.3   691.3  1096.3  2455.1  78042.5    78183
read      314.5    88.4   137.8   205.2   223.5   307.9   340.3   358.9   371.6   388.7   408.7   442.9   513.0   787.8  2977.4  14805.3    14824
read      320.3   118.9   127.6   183.0   198.0   301.0   355.5   385.5   406.2   432.4   465.5   518.3   644.5   887.9  2647.3  66548.6    66467
read      356.2   181.7   127.6   191.9   209.2   317.8   375.8   411.1   438.9   475.6   532.3   640.3  1009.0  1851.0  3907.3  95379.8    95413
read      316.7    93.5   137.8   220.8   237.4   307.1   337.3   354.8   367.9   383.8   402.9   435.8   506.9   920.6  3652.0   9512.0     9526
read      315.1   111.1   127.6   182.1   197.3   300.0   352.7   380.4   399.4   422.7   451.9   495.7   593.7   773.7  3076.6  58694.5    58648
read      326.1   115.6   127.6   191.6   209.8   319.3   363.0   386.2   402.0   422.7   448.0   486.5   569.9   732.8  3341.4  35569.2    35552
read      324.6   109.9   127.6   190.1   207.7   317.0   362.2   385.9   401.8   422.9   448.5   487.1   572.9   747.9  3188.3  38266.3    38250
read      322.8    97.4   127.6   193.2   211.8   317.1   358.2   379.9   395.7   414.4   437.0   472.7   548.5   710.9  2558.2  32720.2    32747
read      321.6   107.9   127.6   188.1   204.8   312.6   359.3   383.9   400.7   422.2   448.8   489.4   577.4   737.2  3418.6  43830.9    43793
read      320.6   116.1   127.6   184.3   200.3   308.2   359.1   385.8   403.7   426.8   455.3   498.3   600.6   804.3  2956.0  52656.9    52836
read      425.8   360.3   127.6   202.5   222.1   335.9   397.0   439.1   477.4   537.8   650.6   970.4  2087.2  3391.9  7917.6 108305.6   108469
read      334.9   147.6   127.6   188.7   204.6   308.2   363.3   394.9   419.1   449.3   491.4   568.5   758.0  1310.9  3359.2  89862.5    89925
read      314.7   114.1   127.6   182.2   197.2   298.3   350.6   378.7   398.4   422.5   452.9   498.7   607.4   789.2  3021.4  65688.6    65554

Total QPS = 55652.9 (100175176 / 1800.0s)

Total connections = 64
Misses = 0 (0.0%)
Skipped TXs = 0 (0.0%)

RX 24743267731 bytes :   13.1 MB/s
TX          0 bytes :    0.0 MB/s
Warning! Detected max cpu usage > 95%
CPU Usage Stats (avg/min/max): 100.00%,49.50%,100.00%
