#type       avg     std     min      p5     p10     p50     p67     p75     p80     p85     p90     p95     p99    p999   p9999      QPS   target       ts_start         ts_end
read      278.3   113.7    93.8   163.7   180.5   262.2   297.1   318.4   335.4   356.3   386.5   441.7   586.0  1169.3  3497.8  29847.7    30000  1778766856295  1778766866460
read      280.2   124.5   101.3   164.2   180.2   261.3   296.7   318.6   336.4   358.8   391.4   454.4   624.3  1235.3  4320.7  29880.8    30005  1778766867979  1778766878111
read      279.2   131.5   101.3   168.8   185.1   264.6   298.5   319.2   335.4   354.5   380.7   430.1   566.8  1155.9  4070.7  30018.3    30010  1778766879627  1778766889729
read      282.8   129.7    93.8   163.4   180.6   264.4   300.4   322.1   340.0   362.4   394.4   456.3   622.3  1582.9  4314.8  30093.0    30015  1778766891246  1778766901351
read      285.6   133.7   101.3   162.1   179.5   267.0   305.5   328.4   345.9   369.7   402.3   465.5   626.8  1320.3  4648.0  30011.5    30020  1778766902874  1778766912991
read      285.5   126.8    93.8   165.5   183.0   267.0   303.5   325.5   342.8   365.5   398.1   461.3   625.2  1500.3  4039.2  30075.4    30025  1778766914509  1778766924612
read      283.2   141.5   101.3   164.0   179.1   262.1   300.5   323.5   341.7   365.0   398.1   465.6   637.1  1644.8  4640.0  30102.0    30030  1778766926132  1778766936264
read      268.4   141.8   101.3   161.5   174.6   245.7   282.3   304.5   321.1   343.3   373.8   435.8   618.9  1558.6  4897.6  30045.8    30035  1778766937783  1778766947894
read      286.9   125.8    93.8   166.4   183.4   266.0   303.2   326.2   344.1   368.3   402.7   475.3   649.8  1433.5  3869.4  30080.0    30040  1778766949414  1778766959520
read      286.4   141.3    93.8   160.6   176.6   261.9   301.4   326.6   346.6   373.8   416.2   493.1   689.6  1410.2  4344.5  30080.2    30045  1778766961037  1778766971159
read      279.4   143.4    93.8   152.0   167.0   251.6   292.8   318.9   341.1   371.2   417.6   501.2   713.4  1551.9  4306.7  30124.6    30050  1778766972682  1778766982787
read      284.8   131.0   101.3   161.4   177.1   262.6   301.7   325.8   344.9   370.6   407.9   482.6   675.1  1396.1  4288.9  29996.2    30055  1778766984306  1778766994413
read      276.6   134.4   101.3   158.7   174.3   257.7   294.8   317.3   335.2   357.6   390.1   452.1   613.1  1376.9  4348.7  30226.8    30060  1778766995932  1778767006047
read      296.9   636.4    93.8   157.7   173.9   258.9   299.4   325.7   346.2   374.5   421.1   519.9   941.9  2253.3  6277.5  30127.7    30065  1778767007565  1778767017672
read      297.7   152.5   101.3   165.1   182.6   270.4   311.1   336.2   356.4   383.4   426.1   511.0   782.4  1898.8  4386.8  30003.6    30070  1778767019193  1778767029296
read      285.0   149.1    93.8   160.3   175.7   259.9   298.4   321.7   341.3   367.0   404.6   486.4   722.9  2002.8  4314.7  30090.9    30075  1778767030816  1778767040941
read      284.4   208.8   101.3   157.2   170.1   246.1   286.7   311.6   331.3   357.7   399.3   499.6   943.5  3183.9  6026.9  30127.7    30080  1778767042460  1778767052563
read      269.9   139.4   101.3   157.7   170.8   245.4   283.7   306.5   323.4   346.0   379.3   449.3   672.1  1758.9  4336.1  30010.0    30085  1778767054083  1778767064196
read      270.2   184.9   101.3   154.8   167.5   240.7   279.5   303.2   320.6   343.8   377.6   450.4   689.7  2625.7  6185.6  30090.4    30090  1778767065713  1778767075823
read      272.8   160.4   101.3   155.1   169.0   247.4   286.4   309.5   327.3   350.3   385.6   455.4   668.7  2220.5  5088.1  30047.3    30095  1778767077341  1778767087449
read      270.4   135.3    93.8   153.7   168.8   250.6   288.2   310.7   328.0   349.9   382.0   441.3   602.0  1963.6  4435.3  30135.5    30100  1778767088966  1778767099073
read      279.9   130.1   101.3   160.0   175.8   261.1   298.8   321.2   339.8   362.7   394.5   456.4   621.1  1538.0  4008.1  30052.7    30105  1778767100590  1778767110699
read      271.2   123.9    93.8   159.1   174.1   254.0   290.3   311.7   327.9   347.3   376.0   431.5   578.8  1554.0  4183.2  30150.6    30110  1778767112218  1778767122323
read      285.9   142.8    86.8   163.5   180.2   265.2   303.0   326.2   344.4   368.3   401.7   466.3   634.9  2028.3  4322.6  30045.3    30115  1778767123840  1778767133950
read      289.3   127.5   109.4   172.4   188.9   271.0   307.9   329.8   345.9   368.6   399.8   459.6   612.1  1491.8  4315.1  30071.9    30120  1778767135467  1778767145593
read      282.7   127.5   101.3   167.1   183.3   263.6   299.2   320.9   338.6   360.9   393.2   456.1   612.4  1777.2  4208.1  30134.7    30125  1778767147113  1778767157215
read      294.0   161.7    93.8   165.7   183.1   268.8   307.9   332.6   352.2   378.7   419.9   497.9   724.7  1789.8  4546.6  30058.9    30130  1778767158732  1778767168852
read      291.8   320.3    93.8   163.7   180.1   261.8   297.3   319.3   337.2   360.1   394.3   466.7   725.5  4853.6 10738.6  30119.9    30135  1778767170373  1778767180573
read      280.5   136.4   101.3   165.1   181.5   263.2   298.7   320.0   337.3   358.2   388.0   443.8   593.5  1253.3  4721.0  30199.6    30140  1778767182098  1778767192211
read      308.6   229.6   101.3   167.4   185.3   272.4   313.3   339.7   362.1   393.3   443.4   544.0   872.1  3052.8  7700.1  30098.2    30145  1778767193730  1778767203860
read      298.1   372.6   101.3   164.0   180.2   263.0   300.0   322.5   341.0   365.0   400.4   478.4   747.3  5585.2 17517.9  30165.6    30150  1778767205389  1778767215599
read      288.1   150.3   101.3   163.1   179.4   262.9   301.6   326.0   345.2   371.6   412.5   494.3   706.2  1751.4  5042.0  30146.0    30155  1778767217124  1778767227250
read      284.2   130.2   101.3   162.1   178.9   263.2   301.6   325.3   344.0   369.0   404.5   473.8   642.0  1373.5  4172.4  30122.8    30160  1778767228767  1778767238879
read      283.6   162.1    93.8   162.5   179.4   264.1   300.6   322.3   339.8   361.8   393.0   452.4   626.9  1946.8  6389.0  30110.2    30165  1778767240396  1778767250517
read      294.0   222.0    93.8   166.9   183.9   266.6   303.5   326.7   344.8   370.0   407.6   486.7   719.4  3314.4  8375.9  30090.9    30170  1778767252035  1778767262165
